total_valid_ekf_localizer=6476
average_pose_delay_time=0.1885456054663379
average_twist_delay_time=0.029137399783817085
