total_valid_ekf_localizer=6315
average_pose_delay_time=0.131852605384006
average_twist_delay_time=0.029360523990498846
